0
0
0
0
0
0
0
0
0
0
0
67
242
230
231
257
273
286
367
431
439
517
467
487
571
571
623
619
706
816
947
1066
1171
1338
1491
1599
1723
1922
1995
2148
2360
2380
2568
2668
2765
2851
2842
2763
2746
2567
2474
2381
2441
2603
3104
3821
4632
5570
6211
6271
5856
5019
3929
2880
2315
1951
1784
1559
1389
1290
1211
1152
1101
1088
1031
989
1007
958
966
919
892
898
891
899
851
773
826
761
756
751
751
708
698
710
713
716
691
737
689
679
684
693
667
638
618
578
563
515
472
455
447
408
425
424
399
408
429
377
407
415
392
354
400
358
412
361
359
319
302
304
292
298
285
284
284
304
304
310
291
298
293
298
281
271
292
269
246
261
258
222
206
229
199
197
195
195
188
186
179
183
183
167
167
147
170
158
156
145
152
153
148
136
130
146
150
133
137
134
128
138
136
145
133
110
141
132
148
147
137
135
116
107
110
111
122
117
146
143
123
124
147
137
115
115
138
123
111
116
140
115
96
108
107
102
113
98
105
100
95
117
113
130
113
124
119
133
119
147
137
138
146
129
138
139
117
138
136
137
120
123
105
90
77
98
71
86
66
74
67
69
67
71
49
53
56
60
58
74
69
53
67
64
66
62
59
60
66
67
51
56
67
54
50
60
73
59
65
55
61
54
71
59
43
59
66
61
57
64
56
54
59
57
43
34
45
49
43
43
48
60
35
34
56
41
43
35
52
51
35
56
44
49
35
40
41
42
48
45
44
50
34
50
37
45
46
42
44
48
54
42
40
35
54
46
47
50
62
58
44
52
59
63
53
49
48
52
44
64
52
48
57
39
41
57
41
48
63
48
50
46
50
46
51
44
41
41
37
33
41
33
43
39
30
31
22
20
31
26
31
21
27
27
30
36
28
24
21
23
29
22
29
26
25
23
16
19
31
24
26
22
22
29
33
38
33
28
32
20
22
26
35
40
30
22
29
37
33
24
44
28
29
29
20
34
34
21
23
24
33
22
37
18
16
22
18
20
24
17
15
13
18
22
23
16
18
20
20
25
24
15
20
20
21
23
20
18
19
17
18
10
23
18
25
19
23
20
18
24
12
12
20
8
13
15
22
19
21
8
16
13
12
17
16
10
11
10
13
11
15
13
13
16
16
5
22
19
12
18
21
14
15
23
19
13
20
17
28
18
19
18
23
21
20
17
29
28
27
25
30
17
24
23
31
28
32
38
34
29
23
26
19
23
25
26
26
31
22
16
26
18
14
33
16
21
14
19
18
20
15
9
15
12
21
8
8
15
8
18
12
18
12
13
13
13
9
16
9
14
19
12
12
15
16
10
6
17
13
15
7
6
10
14
9
6
9
7
6
16
10
14
5
6
10
17
11
9
11
10
8
4
13
11
6
5
10
10
10
8
6
9
16
13
13
8
9
9
11
13
12
14
21
12
18
11
15
17
11
11
9
8
15
7
8
17
11
16
10
12
7
9
7
9
7
11
8
6
7
10
13
12
7
5
6
9
7
8
7
9
4
6
6
9
12
9
2
9
3
9
11
5
4
1
4
5
7
4
7
8
7
8
7
6
13
6
8
5
3
7
7
10
9
3
2
2
2
2
1
0
6
7
8
5
6
4
2
9
9
5
6
5
1
8
2
11
6
2
4
9
10
5
4
8
5
9
11
8
10
6
6
4
8
6
5
6
5
15
8
8
8
6
15
1
11
11
9
11
10
11
5
7
7
6
6
6
7
6
6
8
4
4
6
7
9
7
6
10
11
7
4
9
4
4
6
11
8
6
7
13
5
9
10
2
7
11
6
9
5
5
7
6
9
4
1
5
0
10
3
8
4
5
4
7
8
3
9
2
6
3
5
3
4
4
5
2
5
2
6
3
5
6
4
4
7
5
3
0
3
4
2
4
3
2
2
1
2
5
4
2
3
2
6
4
3
1
3
5
1
1
5
1
1
1
2
1
1
3
4
5
2
6
1
5
1
6
3
3
5
5
8
8
7
18
8
13
9
8
9
12
9
14
16
12
16
17
13
13
9
12
10
13
11
12
8
7
9
9
9
9
9
8
8
9
8
7
9
6
4
6
3
8
8
5
10
5
2
3
1
3
2
6
3
4
1
1
4
1
1
2
2
2
2
2
2
2
1
0
0
0
0
0
0
1
0
0
0
0
2
1
0
0
1
0
0
0
0
0
0
0
0
0
0
0
0
0
1
1
0
3
3
0
0
0
0
1
0
2
0
0
0
3
0
0
0
0
0
1
0
1
0
2
0
0
0
0
0
0
0
0
1
0
0
0
1
0
1
0
0
0
0
0
0
0
0
0
0
0
0
0
0
0
0
0
0
0
