0
0
0
0
0
0
0
0
0
0
0
245
609
621
677
703
706
839
1015
1100
1200
1216
1189
1209
1295
1466
1671
1910
2264
2479
2855
3174
3524
3786
3894
4348
4427
4593
4678
4608
4479
4630
4670
4484
4398
4259
4260
4114
4147
4050
3925
3871
3843
3764
3783
3569
3447
3423
3263
3310
3110
3056
2955
2924
2801
2749
2702
2641
2599
2463
2497
2430
2388
2358
2347
2206
2191
2101
2075
2149
2080
2022
1961
1900
1816
1896
1904
1862
1838
1908
1897
1809
1767
1688
1603
1470
1493
1388
1322
1272
1177
1245
1163
1180
1140
1187
1084
1079
1141
1046
1053
1042
1010
974
977
951
883
853
909
879
832
816
889
841
880
799
782
806
731
769
692
658
652
605
601
571
519
546
505
519
501
428
463
463
440
452
450
450
427
442
444
452
417
409
412
414
423
384
385
386
392
364
384
386
430
467
465
599
567
662
716
828
967
1167
1224
1385
1508
1665
1715
1779
1774
1677
1608
1488
1382
1220
1097
907
789
622
535
489
422
357
343
313
302
312
328
311
325
329
309
334
350
343
308
362
357
308
358
307
324
279
294
248
255
275
239
225
217
222
209
200
196
202
208
190
169
182
201
184
171
174
168
151
180
161
161
138
173
164
179
173
175
152
149
168
147
168
154
133
146
166
142
173
182
154
176
154
148
153
174
191
148
168
170
144
150
160
163
148
145
118
153
133
154
116
128
135
113
137
124
124
132
113
134
158
127
144
133
140
154
158
152
157
128
159
149
175
153
163
149
169
165
160
152
173
163
171
156
137
151
167
193
156
136
148
168
158
146
156
152
160
139
128
135
128
124
109
99
107
129
108
118
98
90
83
102
94
85
94
84
84
86
77
77
92
74
74
61
68
67
88
81
67
54
80
73
63
59
74
67
68
78
68
77
78
63
82
67
85
76
66
78
66
61
67
56
72
62
53
67
57
63
52
64
53
61
82
62
60
73
69
67
81
77
84
101
93
132
129
145
141
186
185
179
211
242
217
238
245
254
273
245
235
266
238
257
237
223
209
173
182
146
165
143
142
112
103
114
77
79
86
75
83
52
58
63
48
53
45
40
45
44
42
39
39
38
44
56
46
49
46
46
57
57
51
56
46
47
73
60
53
65
75
58
66
82
72
58
74
86
60
64
64
48
54
68
68
58
54
57
39
42
38
47
53
45
31
47
37
34
24
39
36
35
32
36
31
43
33
29
28
35
45
31
27
39
21
37
30
28
36
25
20
22
32
33
29
26
22
25
27
21
27
26
26
23
20
26
26
18
20
21
28
22
25
31
17
28
24
21
21
32
16
23
27
18
27
34
32
32
34
36
41
29
31
27
32
31
24
35
26
34
26
34
30
37
28
26
36
27
22
26
21
26
30
24
26
26
28
27
23
25
18
27
16
20
18
15
19
14
19
13
13
10
15
13
14
11
15
20
20
6
9
16
16
11
9
15
10
8
13
13
11
11
5
4
14
18
16
14
12
13
10
12
4
12
16
10
11
8
9
10
12
11
13
8
18
9
14
10
12
7
15
16
10
18
17
11
22
13
17
20
22
14
18
19
16
28
24
16
17
11
16
30
19
19
20
18
17
20
20
22
12
16
14
26
18
15
18
15
18
18
21
15
12
18
21
12
12
14
15
13
19
15
15
15
20
14
17
19
19
13
9
20
14
12
14
14
11
12
16
12
9
15
11
6
11
9
8
17
14
13
10
18
11
10
13
8
6
8
9
8
11
6
14
11
10
11
5
5
12
8
8
7
8
12
7
6
9
3
7
6
7
4
4
7
5
8
7
7
7
4
3
7
7
3
6
7
9
8
8
13
5
12
12
25
15
14
20
24
20
30
30
26
25
24
32
39
28
25
20
28
30
30
22
27
22
24
29
28
34
18
16
26
22
23
22
24
17
19
15
14
17
13
13
12
17
9
17
11
10
2
4
5
8
3
6
6
3
4
4
3
5
7
0
1
3
1
1
1
2
2
3
0
0
2
0
2
0
2
1
0
4
0
2
1
2
1
1
1
1
1
1
3
1
2
1
3
0
2
0
0
0
1
3
0
2
0
1
1
0
0
2
3
0
1
3
1
2
1
1
1
0
1
1
4
1
1
0
0
2
0
1
2
3
4
1
1
1
0
0
1
0
0
0
1
1
2
1
1
1
1
3
0
1
1
1
0
1
1
2
0
0
3
2
0
2
0
1
0
0
0
1
1
1
2
2
0
0
0
0
1
2
1
1
0
0
2
1
0
0
0
0
3
0
2
1
0
0
1
1
0
1
1
1
0
1
1
0
0
0
0
0
0
1
0
0
2
0
0
0
0
0
0
3
1
0
0
0
2
0
0
0
2
1
0
0
0
0
0
0
0
0
0
0
0
0
0
0
0
0
