0
0
0
0
0
0
0
0
0
0
0
251
544
549
556
638
623
747
841
1013
1030
1004
1030
1072
1141
1304
1470
1785
2015
2306
2725
3029
3391
3656
3888
4104
4323
4511
4499
4577
4640
4599
4460
4503
4346
4110
4126
4168
4084
3901
3872
3756
3735
3580
3583
3508
3394
3294
3400
3073
3095
2938
2959
2860
2733
2679
2547
2491
2492
2359
2314
2369
2287
2120
2124
2103
2072
2009
1879
1879
1813
1821
1791
1711
1755
1664
1621
1745
1668
1703
1739
1704
1610
1544
1563
1462
1301
1289
1116
1161
1076
1059
1053
977
1018
962
981
966
958
960
951
893
891
860
824
800
814
776
775
775
749
714
719
731
751
678
688
774
688
685
673
654
615
629
589
523
500
541
498
438
481
404
425
428
414
415
398
419
406
393
383
366
369
374
378
340
384
367
380
368
381
358
365
354
339
336
319
368
332
352
360
388
332
328
329
339
298
335
355
337
342
302
295
304
311
305
300
285
295
261
258
253
305
256
313
271
253
261
265
269
272
292
301
327
285
316
318
354
327
330
305
298
319
288
276
276
254
253
207
205
193
218
183
170
178
160
162
157
151
145
149
152
151
158
147
157
140
132
135
139
138
134
142
139
146
132
135
132
130
144
144
122
137
148
126
158
141
126
144
131
132
150
130
156
149
145
145
131
128
115
132
120
139
115
117
135
135
116
109
103
117
109
87
111
116
105
113
112
103
113
105
93
126
98
105
130
109
99
123
112
122
143
118
141
130
123
124
106
124
143
150
147
114
145
147
124
120
123
97
119
106
127
130
118
111
117
118
106
125
108
104
123
102
92
84
83
88
83
73
83
61
65
57
66
53
70
71
55
52
68
62
58
61
68
56
61
59
58
73
69
55
68
73
62
45
69
73
72
77
77
59
82
78
63
89
83
83
68
79
62
77
63
68
64
70
80
76
61
60
71
63
63
64
54
46
49
47
44
49
51
56
44
50
43
58
47
59
57
57
58
48
40
36
57
52
48
39
41
44
52
51
51
32
46
39
42
39
45
47
38
47
45
27
40
30
39
40
42
40
46
40
40
41
36
34
48
49
35
39
42
51
40
26
48
46
37
43
52
46
54
61
54
64
57
59
67
58
60
68
64
62
60
74
72
71
69
66
68
74
64
70
75
67
58
49
54
56
45
49
46
58
46
41
39
35
41
34
32
30
31
43
38
33
29
35
34
39
26
32
35
24
31
26
17
33
26
29
31
43
22
34
23
30
39
24
31
32
28
26
32
32
25
25
38
26
21
27
28
27
24
20
26
24
33
23
16
18
22
18
22
26
29
30
24
22
23
28
41
27
33
25
36
30
29
30
40
35
28
33
25
35
17
35
32
25
18
31
38
22
31
33
24
32
21
14
29
20
12
19
23
21
14
21
19
14
13
24
14
13
22
15
11
13
21
17
19
24
18
22
15
24
19
23
15
12
19
20
13
17
17
18
13
20
16
14
8
9
19
12
11
16
16
19
13
17
11
13
16
14
10
13
13
17
7
12
13
17
16
20
20
14
18
19
17
12
17
16
21
21
16
16
24
16
27
18
22
24
15
22
25
21
29
18
28
25
25
17
20
15
20
24
27
35
12
20
15
13
17
19
21
29
28
20
20
18
22
18
18
19
18
9
14
18
18
21
21
28
21
19
13
14
15
14
13
13
18
16
14
6
19
11
12
10
10
12
20
9
23
16
11
12
11
8
9
15
10
12
12
15
8
17
10
13
12
7
15
5
9
10
17
8
4
7
9
6
11
8
7
9
2
8
6
4
8
7
9
7
11
10
7
9
6
7
6
8
5
5
10
11
12
9
14
10
12
9
12
16
12
19
19
28
23
22
21
30
28
24
26
35
31
23
28
39
33
33
31
24
29
14
28
37
21
29
27
26
25
34
21
26
20
13
14
20
18
15
13
16
13
12
13
17
9
7
6
10
7
7
11
5
5
8
6
5
7
4
6
4
2
3
8
3
6
3
4
7
3
2
1
1
5
5
4
3
1
4
3
2
1
3
4
1
2
2
1
2
4
3
0
2
4
4
1
0
7
2
0
4
4
6
1
3
2
1
1
2
5
0
3
3
0
3
6
1
3
1
2
4
7
3
3
3
3
3
2
6
3
3
1
3
2
5
2
4
1
1
3
5
3
3
3
1
3
1
2
1
1
1
3
2
3
0
3
1
2
1
2
2
1
2
3
5
2
3
1
3
3
2
1
1
5
0
2
2
0
1
3
2
1
3
1
2
4
2
1
2
1
1
1
3
2
1
3
4
1
4
0
2
3
1
0
3
3
1
1
3
2
2
2
0
2
0
3
0
1
0
3
1
2
0
0
0
0
0
0
0
0
0
0
0
0
0
0
0
0
