0
0
0
0
0
0
0
0
0
0
0
300
772
763
844
841
951
1031
1047
1263
1362
1338
1310
1377
1508
1677
1844
2035
2319
2617
2996
3310
3705
3979
4165
4369
4689
4712
4958
4735
4879
4752
4898
4492
4604
4527
4398
4195
4318
4058
4034
4086
3927
3833
3773
3735
3646
3683
3542
3443
3343
3238
3129
3118
3054
2945
2879
2764
2855
2712
2744
2537
2511
2530
2434
2366
2378
2325
2363
2297
2210
2237
2191
2087
2243
2081
2074
2144
2117
2192
2120
2061
2074
1971
1946
1821
1747
1628
1551
1591
1511
1548
1504
1452
1474
1481
1465
1477
1441
1381
1399
1319
1339
1321
1222
1201
1163
1178
1197
1129
1213
1169
1165
1147
1129
1147
1096
1140
1065
1071
1110
1026
905
948
925
919
867
851
838
787
794
785
775
774
771
756
724
713
740
742
715
702
736
718
715
643
688
643
699
699
646
666
649
632
608
647
657
607
603
610
609
634
626
658
603
645
642
619
614
654
641
596
603
572
559
627
600
558
604
525
584
540
578
563
608
573
592
566
562
581
607
593
631
658
612
666
635
635
614
639
629
637
613
610
569
546
555
491
559
473
538
501
525
492
486
485
482
505
485
503
462
536
508
454
494
472
470
485
442
502
490
467
451
511
494
454
455
482
452
492
473
497
488
455
458
471
481
478
451
479
459
522
526
455
497
490
467
499
505
488
499
503
463
516
516
469
552
530
504
506
487
529
535
499
494
503
526
473
502
480
521
535
491
518
511
532
544
526
527
508
557
530
543
534
548
569
569
558
558
522
511
530
527
514
413
493
492
459
420
451
445
435
422
411
417
418
421
385
388
377
386
373
368
371
339
359
350
322
356
367
357
326
337
350
316
311
322
286
296
283
297
313
324
273
256
314
294
294
267
283
322
274
322
372
393
381
403
431
445
539
593
668
750
830
888
977
1021
1168
1205
1334
1352
1438
1420
1486
1513
1496
1461
1438
1430
1412
1310
1138
1247
1026
926
839
799
708
643
506
481
400
357
324
328
233
243
217
207
198
220
208
226
247
294
350
304
388
494
536
589
642
752
807
843
919
1007
1033
1156
1151
1184
1208
1201
1276
1211
1216
1126
1101
1064
993
919
850
803
737
645
610
545
495
391
385
357
300
258
209
205
201
158
149
122
104
103
96
101
100
87
95
92
97
78
84
75
63
88
74
68
71
81
86
62
61
73
62
63
45
54
62
46
49
40
38
51
48
36
45
33
49
40
34
40
30
41
29
34
27
42
41
33
39
37
35
40
33
33
35
28
30
47
32
28
26
31
29
30
36
33
27
29
31
33
32
30
29
27
29
40
31
23
28
22
31
19
30
22
32
22
20
39
24
30
25
23
28
19
35
37
30
32
36
36
38
40
41
21
39
33
34
25
32
31
32
29
25
29
32
21
29
30
31
23
20
22
19
30
26
21
29
21
25
20
17
11
37
28
20
17
14
16
18
16
17
18
21
22
17
15
17
27
14
15
12
23
18
19
16
14
17
23
15
16
18
13
18
17
16
29
14
22
14
7
18
14
19
15
19
19
13
15
18
18
25
21
13
15
16
18
16
17
19
21
31
21
19
23
24
18
18
22
24
23
24
24
20
28
19
30
25
27
15
20
21
29
26
24
21
28
19
20
19
25
22
23
13
22
24
18
20
23
17
21
26
23
25
18
19
18
23
17
14
17
16
32
13
21
19
28
18
16
17
23
16
16
18
18
17
19
17
18
10
12
17
16
11
7
11
9
16
7
20
9
10
15
9
10
12
6
9
4
15
11
14
15
5
10
8
11
5
11
7
7
8
5
6
5
10
5
10
10
3
4
13
8
5
8
11
10
16
13
14
10
19
13
14
16
18
19
14
22
20
22
25
26
17
26
27
34
31
29
34
32
37
36
28
44
29
38
28
30
28
28
33
36
32
38
26
31
22
24
22
22
27
17
18
12
17
16
14
8
8
16
15
11
15
10
10
13
9
6
6
8
10
3
3
5
3
1
3
3
4
1
2
0
4
1
4
5
2
1
2
1
1
1
0
1
5
0
0
0
0
0
0
0
1
0
0
2
3
2
1
1
1
1
0
1
2
1
1
1
0
0
0
0
0
1
0
0
0
2
0
1
2
1
1
0
0
0
0
3
1
1
0
1
1
3
1
2
1
1
1
0
2
2
0
2
0
1
1
1
0
1
2
1
1
0
1
1
0
1
1
0
1
0
0
1
2
1
1
2
1
0
0
3
1
1
0
1
1
0
1
2
2
0
0
0
1
1
1
0
0
1
0
0
0
1
1
1
2
1
1
0
0
2
1
2
0
2
1
0
1
1
0
2
0
2
1
0
0
0
2
0
2
4
0
1
1
0
1
1
1
1
0
1
2
1
1
0
0
2
1
0
0
0
0
0
0
0
0
0
0
0
0
0
0
0
0
