0
0
0
0
0
0
0
0
0
0
0
769
1904
1334
1301
1417
1523
1726
2041
3909
8476
12207
9008
4873
2976
2476
2536
2745
3008
3357
3738
3918
4312
4588
4904
5066
5345
5508
5547
5629
5661
5450
5397
5484
5388
5233
5229
4966
5047
4773
5109
4792
4903
4656
4734
4596
4475
4360
4300
4178
4168
4131
4065
3925
3920
3825
3697
3648
3719
3559
3492
3708
3720
3782
3855
3704
3771
3696
3717
3432
3479
3509
3546
3380
3390
3458
3356
3367
3521
3482
3508
3373
3324
3218
3050
3056
2909
2891
2813
2711
2597
2631
2552
2489
2425
2485
2436
2402
2272
2335
2302
2198
2197
2112
2115
2040
1984
1936
1901
1876
1974
1980
1893
1846
1857
1910
1869
1886
1817
1909
1792
1856
1760
1743
1750
1743
1642
1625
1524
1585
1648
1609
1642
1561
1606
1571
1611
1647
1540
1579
1578
1544
1604
1631
1609
1553
1548
1558
1445
1500
1422
1416
1351
1246
1201
1088
1139
1030
916
955
879
877
769
789
739
703
699
641
650
597
579
593
535
547
496
487
443
426
449
406
382
428
409
367
384
466
423
374
426
421
479
469
434
468
482
492
550
593
697
693
849
1043
1235
1512
1777
2182
2737
3264
3887
4768
5636
6404
7494
8298
9167
9945
10503
10580
11088
10933
10408
10112
9366
8394
7532
6823
5636
4777
3936
3183
2503
1933
1522
1114
846
624
438
367
322
218
202
168
161
148
145
152
143
136
153
125
142
142
138
128
115
136
149
147
114
119
130
139
146
103
102
130
95
106
100
110
94
102
114
115
107
116
115
107
97
114
124
132
97
99
118
101
113
104
112
121
125
115
129
126
119
140
133
121
149
146
108
125
136
123
129
132
116
131
111
106
122
120
112
105
104
109
126
103
84
100
90
84
83
80
75
69
78
85
59
55
64
68
61
63
56
63
55
53
58
44
50
61
54
67
58
65
57
65
70
59
72
63
54
56
56
68
80
64
75
77
73
60
94
54
76
63
78
77
58
79
60
65
57
53
48
50
50
55
49
49
60
55
53
47
56
41
51
37
47
39
46
57
52
49
35
48
60
44
35
61
37
48
50
45
54
47
34
37
42
36
34
40
32
39
42
33
53
33
36
32
40
41
26
31
35
38
35
39
42
32
27
36
48
35
28
34
38
46
35
28
38
38
52
38
49
51
36
42
42
46
48
53
58
73
68
59
59
72
64
75
65
63
66
65
64
61
68
59
54
66
59
50
58
47
46
46
35
47
32
42
46
41
35
40
36
22
40
30
33
32
26
25
43
28
27
29
23
26
39
31
27
40
25
26
25
32
21
24
29
38
26
30
25
16
21
25
26
17
25
24
32
23
21
20
23
20
25
20
22
14
24
14
24
21
17
34
19
31
27
30
20
32
33
20
24
23
27
33
28
45
35
24
27
27
26
28
35
22
24
26
34
22
22
28
25
34
19
21
10
22
24
14
17
19
13
21
26
16
14
17
17
20
16
12
19
16
24
17
16
24
7
13
13
22
10
11
21
16
14
7
13
13
9
11
9
13
14
11
13
16
11
14
10
10
13
11
12
10
12
10
8
11
16
10
20
19
2
13
17
15
9
18
15
13
14
14
19
17
17
21
14
13
17
20
14
23
18
17
13
12
17
15
31
23
23
22
25
12
23
20
21
19
14
14
10
19
18
17
22
16
22
22
18
27
18
24
15
25
14
15
19
19
20
15
15
16
16
8
12
15
20
18
11
15
19
11
13
17
9
16
11
16
13
17
12
11
14
11
10
8
16
12
10
10
12
15
9
8
7
16
12
11
10
10
5
4
5
6
6
12
4
9
9
7
9
4
8
1
6
6
3
9
5
7
6
10
9
4
5
3
11
3
4
8
6
8
12
3
8
5
7
7
10
5
13
15
9
7
3
11
8
12
18
12
15
15
15
21
21
23
15
31
32
31
27
34
29
26
29
24
38
35
29
29
33
22
35
29
13
31
22
16
17
20
20
18
21
14
12
8
12
9
15
11
11
7
11
7
6
4
8
8
3
5
7
3
4
4
5
4
1
3
3
2
1
0
0
2
3
1
3
3
2
1
0
0
2
3
0
1
1
1
1
0
0
0
1
1
1
0
1
0
1
1
2
1
1
1
1
2
0
0
1
0
1
1
1
3
0
0
0
0
2
1
1
2
3
2
1
1
1
1
0
2
0
3
1
0
0
0
0
1
3
2
0
1
1
1
0
1
0
1
1
2
5
1
4
0
1
0
0
1
1
1
2
1
0
1
0
3
1
3
2
2
2
1
1
1
0
1
2
2
1
0
0
1
0
1
1
0
2
0
3
1
1
1
1
0
2
0
1
3
0
0
2
0
0
1
1
1
2
3
0
0
1
0
1
0
3
0
1
0
1
0
0
2
0
0
1
0
1
0
0
0
1
0
0
0
0
0
0
0
0
0
0
0
0
0
0
0
0
0
0
0
